0 54641 66116 28933 12085 41552 57250 14645 17320 73613 93250 33785 41053 13037 33905 1928 78228 9265 38986 6989 39962 30197 90500 72693 27400 4234 45025 61544 27653 15545 
54641 0 9477 5128 25642 26361 2129 16362 12365 3338 18265 30852 30578 54900 41218 77093 2465 44090 2929 37544 1465 45250 4505 1508 38981 50965 626 37925 60840 18692 
66116 9477 0 9745 49213 63540 20570 18549 16388 3365 52258 14733 69485 87705 81745 89108 15560 38393 5602 61385 8026 26485 13928 13793 22916 50074 12641 12356 40833 40589 
28933 5128 9745 0 15210 28093 9965 3202 1649 10250 36269 13780 31450 38980 37442 45641 14701 19154 765 22304 1117 22250 18629 12196 17753 23985 3538 24089 32272 10772 
12085 25642 49213 15210 0 9061 21977 12484 11321 44960 39701 42250 9220 5674 7880 21617 38569 25316 21825 1322 19213 47444 49361 35362 41465 21645 18280 68393 52786 554 
41552 26361 63540 28093 9061 0 15866 34245 29864 48413 16474 76401 173 15669 2545 56360 30740 62129 32770 14885 26578 88549 41444 29405 79592 58162 19937 103880 99837 7985 
57250 2129 20570 9965 21977 15866 0 22685 17730 9745 8500 45797 19325 47225 29429 79714 2602 54585 8528 33973 5188 61685 6250 2089 54090 59336 1685 57082 78101 15685 
14645 16362 18549 3202 12484 34245 22685 0 305 23732 56065 8874 36752 30978 38788 26585 31481 6920 6565 15602 8089 12688 37265 27770 9425 9673 12740 22625 18234 10250 
17320 12365 16388 1649 11321 29864 17730 305 0 19729 48250 10781 32489 30641 35477 30496 25780 10125 4442 15481 5410 16001 31300 22441 12240 13130 9125 24208 22817 8605 
73613 3338 3365 10250 44960 48413 9745 23732 19729 0 30749 28730 54100 82490 67912 99081 4721 52084 5465 59274 5557 44260 3609 3986 38833 62885 6568 28449 61682 35802 
93250 18265 52258 36269 39701 16474 8500 56065 48250 30749 0 93661 19409 62761 31657 119306 11530 101125 34052 54821 26960 115321 16250 12601 104770 104180 17705 108818 136357 32765 
33785 30852 14733 13780 42250 76401 45797 8874 10781 28730 93661 0 80690 70344 84730 46757 48929 9026 14965 46052 20173 1714 50921 44552 965 16705 29930 4133 6516 38144 
41053 30578 69485 31450 9220 173 19325 36752 32489 54100 19409 80690 0 13850 1492 54961 35521 63944 36805 14314 30377 92320 46969 34066 83273 59065 23508 109849 102962 8722 
13037 54900 87705 38980 5674 15669 47225 30978 30641 82490 62761 70344 13850 0 7306 17177 71453 39146 49561 2612 45769 72250 86501 67472 65897 30277 43802 106025 73620 9608 
33905 41218 81745 37442 7880 2545 29429 38788 35477 67912 31657 84730 1492 7306 0 44461 49325 61172 44909 10210 38609 93636 62677 47186 84965 54041 32320 117877 101434 9178 
1928 77093 89108 45641 21617 56360 79714 26585 30496 99081 119306 46757 54961 17177 44461 0 104612 15061 58010 13329 59410 39817 118836 98225 37648 7754 65533 78480 33881 27045 
78228 2465 15560 14701 38569 30740 2602 31481 25780 4721 11530 48929 35521 71453 49325 104612 0 67405 10498 53765 7730 67433 800 117 59908 75610 4573 53924 86861 29921 
9265 44090 38393 19154 25316 62129 54585 6920 10125 52084 101125 9026 63944 39146 61172 15061 67405 0 25457 23266 29485 6056 74725 61906 5085 1205 38420 24973 5402 25570 
38986 2929 5602 765 21825 32770 8528 6565 4442 5465 34052 14965 36805 49561 44909 58010 10498 25457 0 30821 436 25181 12962 8425 20546 32040 2701 22130 37093 16085 
6989 37544 61385 22304 1322 14885 33973 15602 15481 59274 54821 46052 14314 2612 10210 13329 53765 23266 30821 0 28597 48442 66141 49844 43009 17753 28594 75393 50960 3492 
39962 1465 8026 1117 19213 26578 5188 8089 5410 5557 26960 20173 30377 45769 38609 59410 7730 29485 436 28597 0 31409 10690 5945 26122 35380 977 28762 44053 13549 
30197 45250 26485 22250 47444 88549 61685 12688 16001 44260 115321 1714 92320 72250 93636 39817 67433 6056 25181 48442 31409 0 70561 62162 257 12497 43012 7825 1570 44818 
90500 4505 13928 18629 49361 41444 6250 37265 31300 3609 16250 50921 46969 86501 62677 118836 800 74725 12962 66141 10690 70561 0 1181 63220 84890 8005 52308 91397 39465 
72693 1508 13793 12196 35362 29405 2089 27770 22441 3986 12601 44552 34066 67472 47186 98225 117 61906 8425 49844 5945 62162 1181 0 54913 69829 3298 49985 80756 27080 
27400 38981 22916 17753 41465 79592 54090 9425 12240 38833 104770 965 83273 65897 84965 37648 59908 5085 20546 43009 26122 257 63220 54913 0 11234 36725 7744 2633 38725 
4234 50965 50074 23985 21645 58162 59336 9673 13130 62885 104180 16705 59065 30277 54041 7754 75610 1205 32040 17753 35380 12497 84890 69829 11234 0 43609 37106 10249 23393 
45025 626 12641 3538 18280 19937 1685 12740 9125 6568 17705 29930 23508 43802 32320 65533 4573 38420 2701 28594 977 43012 8005 3298 36725 43609 0 40069 57098 12490 
61544 37925 12356 24089 68393 103880 57082 22625 24208 28449 108818 4133 109849 106025 117877 78480 53924 24973 22130 75393 28762 7825 52308 49985 7744 37106 40069 0 15305 61605 
27653 60840 40833 32272 52786 99837 78101 18234 22817 61682 136357 6516 102962 73620 101434 33881 86861 5402 37093 50960 44053 1570 91397 80756 2633 10249 57098 15305 0 51764 
15545 18692 40589 10772 554 7985 15685 10250 8605 35802 32765 38144 8722 9608 9178 27045 29921 25570 16085 3492 13549 44818 39465 27080 38725 23393 12490 61605 51764 0 
