0 200885 35620 1889 35113 8713 31601 50770 17289 401 21690 52505 33490 128005 110386 12618 49617 67400 159266 1268 48200 77940 144884 181826 63905 
200885 0 78125 163880 111730 188264 91492 82825 233480 206482 101225 307178 89765 98596 65453 154037 108776 35649 2525 219141 104569 230921 18405 14165 55080 
35620 78125 0 21841 38477 23945 22633 36250 41641 40613 17170 79981 23570 39797 24210 36826 8545 10388 55234 39584 46628 58312 65696 57154 4145 
1889 163880 21841 0 25610 8080 20260 36941 20000 2890 12125 58482 21817 106340 87529 9209 36992 46733 126585 4649 36853 73805 115625 147465 45008 
35113 111730 38477 25610 0 59986 2218 2477 90010 32288 4645 160016 2089 154674 116765 6481 80458 32317 81245 49237 1037 167329 51685 131465 58306 
8713 188264 23945 8080 59986 0 47780 72845 3280 12850 34429 24154 50121 79540 72185 34537 22480 62501 150793 5441 76141 34645 155585 150553 44192 
31601 91492 22633 20260 2218 47780 0 2633 75860 30650 1097 139618 29 120040 86797 8333 57476 18517 63709 43825 4397 138125 43825 102829 37780 
50770 82825 36250 36941 2477 72845 2633 0 106741 48613 7120 180581 2120 143597 104260 15976 79645 22138 57284 66634 1378 176362 31546 105704 50245 
17289 233480 41641 20000 90010 3280 75860 106741 0 22490 58725 10082 78817 89140 88129 55809 31392 91733 192785 10049 109853 25605 202625 183665 64208 
401 206482 40613 2890 32288 12850 30650 48613 22490 0 21437 60688 32449 140930 121157 10313 57866 71077 163909 2605 44757 89465 145405 191329 70690 
21690 101225 17170 12125 4645 34429 1097 7120 58725 21437 0 116093 1480 109021 79588 5832 46701 19634 71780 31586 8954 116946 55250 105320 33365 
52505 307178 79981 58482 160016 24154 139618 180581 10082 60688 116093 0 143569 101210 112837 113177 51698 147965 264069 38165 185965 15665 288677 233649 102122 
33490 89765 23570 21817 2089 50121 29 2120 78817 32449 1480 143569 0 121633 87812 9040 59209 18362 62308 46082 3922 141538 42002 102208 38465 
128005 98596 39797 106340 154674 79540 120040 143597 89140 140930 109021 101210 121633 0 4073 151681 18244 58585 87257 123997 167585 42025 138685 42257 24004 
110386 65453 24210 87529 116765 72185 86797 104260 88129 121157 79588 112837 87812 4073 0 120628 14425 32834 54592 110738 126074 56218 95234 24292 10049 
12618 154037 36826 9209 6481 34537 8333 15976 55809 10313 5832 113177 9040 151681 120628 0 69705 46850 117140 21866 12410 133146 89594 160400 62849 
49617 108776 8545 36992 80458 22480 57476 79645 31392 57866 46701 51698 59209 18244 14425 69705 0 32765 85865 47417 93605 24669 112697 65945 9488 
67400 35649 10388 46733 32317 62501 18517 22138 91733 71077 19634 147965 18362 58585 32834 46850 32765 0 19730 78084 34000 113780 24228 34250 8541 
159266 2525 55234 126585 81245 150793 63709 57284 192785 163909 71780 264069 62308 87257 54592 117140 85865 19730 0 176258 75850 200042 10610 15300 38417 
1268 219141 39584 4649 49237 5441 43825 66634 10049 2605 31586 38165 46082 123997 110738 21866 47417 78084 176258 0 64564 64712 166464 191858 68265 
48200 104569 46628 36853 1037 76141 4397 1378 109853 44757 8954 185965 3922 167585 126074 12410 93605 34000 75850 64564 0 190580 43348 131170 65221 
77940 230921 58312 73805 167329 34645 138125 176362 25605 89465 116946 15665 141538 42025 56218 133146 24669 113780 200042 64712 190580 0 242600 153842 64349 
144884 18405 65696 115625 51685 155585 43825 31546 202625 145405 55250 288677 42002 138685 95234 89594 112697 24228 10610 166464 43348 242600 0 50690 58473 
181826 14165 57154 147465 131465 150553 102829 105704 183665 191329 105320 233649 102208 42257 24292 160400 65945 34250 15300 191858 131170 153842 50690 0 31697 
63905 55080 4145 45008 58306 44192 37780 50245 64208 70690 33365 102122 38465 24004 10049 62849 9488 8541 38417 68265 65221 64349 58473 31697 0 
