0001000001000000000100000
0000000000000000001000000
0000000000000000000000000
1000000001000000000000000
0000001100001000000010000
0000000010000000000000000
0000100100101000000000000
0000101000001000000010000
0000010000000000000000000
1001000000000000000100000
0000001000001000000000000
0000000000000000000000000
0000101100100000000000000
0000000000000000000000000
0000000000000000000000000
0000000000000000000000000
0000000000000000000000000
0000000000000000000000000
0100000000000000000000000
1000000001000000000000000
0000100100000000000000000
0000000000000000000000000
0000000000000000000000000
0000000000000000000000000
0000000000000000000000000
